results on test set:
loss: 0.0
accuracy: macro: 0.9451074600219727, micro: 0.9453125
precision: macro: 0.9342950582504272, micro: 0.9453125
recall: macro: 0.9451074600219727, micro: 0.9453125
f1: macro: 0.9376494884490967, micro: 0.9453125
auroc: 0.9817265272140503
confusion matrix:
[[ 46   0   1   0   0   0   0   0]
 [  0  96   4   0   0   0   0   1]
 [  0   3  40   0   1   0   0   1]
 [  0   1   1  53   0   0   1   1]
 [  0   3   0   0 312   2   1  14]
 [  0   0   0   0   5  47   0   0]
 [  0   0   0   0   1   0  77   0]
 [  0   0   0   0   1   0   0  55]]
