results on test set:
loss: 0.0
accuracy: macro: 0.9598691463470459, micro: 0.9674479365348816
precision: macro: 0.9569883346557617, micro: 0.9674479365348816
recall: macro: 0.9598691463470459, micro: 0.9674479365348816
f1: macro: 0.9581867456436157, micro: 0.9674479365348816
auroc: 0.9903233051300049
confusion matrix:
[[ 46   0   1   0   0   0   0   0]
 [  0  98   2   0   0   0   0   1]
 [  0   4  39   0   1   0   0   1]
 [  0   0   0  57   0   0   0   0]
 [  0   2   0   0 324   3   2   1]
 [  1   0   0   0   1  50   0   0]
 [  0   0   0   0   1   1  75   1]
 [  0   0   0   0   1   0   1  54]]
