results on test set:
loss: 0.0
accuracy: macro: 0.9098129868507385, micro: 0.9309895634651184
precision: macro: 0.9174321889877319, micro: 0.9309895634651184
recall: macro: 0.9098129868507385, micro: 0.9309895634651184
f1: macro: 0.9130905866622925, micro: 0.9309895634651184
auroc: 0.9727446436882019
confusion matrix:
[[ 46   0   1   0   0   0   0   0]
 [  1  91   5   3   1   0   0   0]
 [  0   5  38   0   1   0   1   0]
 [  0   1   0  54   1   0   1   0]
 [  0   2   0   0 321   5   0   4]
 [  3   0   0   0   5  41   3   0]
 [  0   1   0   0   5   0  72   0]
 [  0   1   0   0   3   0   0  52]]
