results on test set:
loss: 0.0
accuracy: macro: 0.9623249173164368, micro: 0.97265625
precision: macro: 0.9683817625045776, micro: 0.97265625
recall: macro: 0.9623249173164368, micro: 0.97265625
f1: macro: 0.9652552008628845, micro: 0.97265625
auroc: 0.9918996095657349
confusion matrix:
[[ 46   0   1   0   0   0   0   0]
 [  0  97   4   0   0   0   0   0]
 [  0   4  40   0   1   0   0   0]
 [  0   1   0  56   0   0   0   0]
 [  0   1   0   0 328   0   0   3]
 [  0   0   0   0   1  50   1   0]
 [  0   0   0   0   2   0  76   0]
 [  0   0   0   0   2   0   0  54]]
