results on test set:
loss: 0.0
accuracy: macro: 0.9648360013961792, micro: 0.9752604365348816
precision: macro: 0.9743225574493408, micro: 0.9752604365348816
recall: macro: 0.9648360013961792, micro: 0.9752604365348816
f1: macro: 0.9691848754882812, micro: 0.9752604365348816
auroc: 0.9915834665298462
confusion matrix:
[[ 47   0   0   0   0   0   0   0]
 [  0  98   2   0   0   0   1   0]
 [  0   5  39   0   1   0   0   0]
 [  0   0   0  57   0   0   0   0]
 [  0   0   0   0 328   0   1   3]
 [  0   0   0   0   2  49   1   0]
 [  0   0   0   0   1   0  77   0]
 [  0   0   0   0   2   0   0  54]]
