results on test set:
loss: 0.0
accuracy: macro: 0.9535768628120422, micro: 0.9635416865348816
precision: macro: 0.9506688714027405, micro: 0.9635416865348816
recall: macro: 0.9535768628120422, micro: 0.9635416865348816
f1: macro: 0.9516164064407349, micro: 0.9635416865348816
auroc: 0.9943646788597107
confusion matrix:
[[ 46   0   0   0   0   0   1   0]
 [  0  97   2   1   0   0   1   0]
 [  1   4  39   0   0   1   0   0]
 [  0   0   0  56   0   0   1   0]
 [  0   0   0   0 324   4   1   3]
 [  1   0   0   0   1  50   0   0]
 [  0   0   0   0   1   1  76   0]
 [  0   0   0   0   2   0   2  52]]
