results on test set:
loss: 0.0
accuracy: macro: 0.9309180974960327, micro: 0.94140625
precision: macro: 0.9235001802444458, micro: 0.94140625
recall: macro: 0.9309180974960327, micro: 0.94140625
f1: macro: 0.9263639450073242, micro: 0.94140625
auroc: 0.9795369505882263
confusion matrix:
[[ 47   0   0   0   0   0   0   0]
 [  0  93   4   2   0   0   1   1]
 [  0   8  35   0   0   2   0   0]
 [  0   0   0  57   0   0   0   0]
 [  0   0   1   0 317  10   1   3]
 [  0   0   0   0   3  47   2   0]
 [  1   0   0   0   2   0  75   0]
 [  0   0   0   0   4   0   0  52]]
