results on test set:
loss: 0.0
accuracy: macro: 0.9591490030288696, micro: 0.9661458134651184
precision: macro: 0.9594213962554932, micro: 0.9661458134651184
recall: macro: 0.9591490030288696, micro: 0.9661458134651184
f1: macro: 0.95900559425354, micro: 0.9661458134651184
auroc: 0.9919906854629517
confusion matrix:
[[ 47   0   0   0   0   0   0   0]
 [  0  97   4   0   0   0   0   0]
 [  0   6  38   0   1   0   0   0]
 [  0   0   0  56   0   0   1   0]
 [  0   2   0   0 323   1   2   4]
 [  0   0   0   0   1  50   1   0]
 [  0   0   0   0   1   0  77   0]
 [  0   0   0   0   2   0   0  54]]
