results on test set:
loss: 0.0
accuracy: macro: 0.9183557033538818, micro: 0.928121030330658
precision: macro: 0.9255311489105225, micro: 0.928121030330658
recall: macro: 0.9183557033538818, micro: 0.928121030330658
f1: macro: 0.9214895963668823, micro: 0.928121030330658
auroc: 0.9825522303581238
confusion matrix:
[[ 46   0   1   0   0   0   0   0]
 [  1  98   1   1   0   0   0   0]
 [  0   4  40   0   0   1   0   0]
 [  0   0   0  57   0   0   0   0]
 [  0   3   0   1 324  14   1   1]
 [  1   0   0   0  21  41   1   0]
 [  0   0   0   0   1   2  75   0]
 [  0   0   0   0   2   0   0  55]]
